300 100
145 69
250 43
97 66
200 191
46 6
218 226
237 129
228 69
300 123
261 46
46 67
215 227
64 101
150 103
247 113
112 164
139 40
234 248
200 78
57 163
65 98
138 286
185 139
294 5
270 81
270 281
233 223
152 17
94 185
213 10
254 264
19 85
267 224
171 239
72 162
121 117
161 73
297 267
45 262
158 163
189 39
203 190
74 260
126 40
90 124
248 7
102 20
231 65
234 156
173 130
270 59
236 255
247 183
88 31
192 228
222 104
235 214
220 278
247 290
262 29
132 105
207 66
299 178
27 284
4 151
78 202
260 192
113 102
74 184
11 64
214 284
273 235
209 228
193 56
177 297
281 233
99 279
275 205
84 271
18 20
261 205
194 203
111 67
64 106
258 15
209 18
298 79
14 120
210 62
287 151
148 189
110 138
236 194
249 163
127 240
131 21
97 72
226 160
100 104
226 232
5
0 
2 1 4 
1 1 
3 5 3 2 
4 2 3 5 1 
1 5 
2 5 2 
2 2 4 
1 1 
3 3 4 1 
4 4 3 1 5 
2 1 3 
4 2 5 3 1 
1 4 
1 4 
2 2 5 
0 
4 2 3 5 4 
0 
0 
4 4 1 2 5 
2 5 4 
2 5 4 
0 
2 2 5 
3 2 1 3 
2 3 4 
4 2 5 1 3 
0 
0 
4 3 2 5 4 
1 4 
3 1 2 4 
1 5 
4 1 5 4 2 
0 
0 
4 3 5 4 2 
0 
0 
0 
1 3 
4 2 3 1 5 
1 2 
3 2 3 5 
3 3 2 1 
0 
3 5 4 1 
1 1 
4 5 3 4 1 
3 5 1 3 
2 3 2 
3 4 2 5 
1 3 
1 5 
4 5 3 1 2 
3 2 3 5 
2 3 4 
4 1 3 4 2 
4 5 3 2 1 
3 4 2 1 
0 
1 2 
2 3 4 
1 4 
3 1 2 5 
0 
2 4 3 
0 
0 
4 2 3 4 1 
2 2 4 
3 5 3 2 
0 
1 2 
4 1 4 5 2 
3 2 5 3 
2 1 5 
1 3 
0 
1 3 
3 3 2 5 
4 3 4 5 1 
4 2 4 1 5 
4 4 2 3 5 
4 5 3 1 4 
3 3 4 1 
3 2 4 1 
4 2 5 1 4 
1 1 
4 5 3 2 4 
0 
3 5 1 4 
4 1 2 3 4 
3 2 5 4 
1 1 
1 5 
3 4 1 5 
1 5 
1 2 
3 2 4 5 
2 3 4 
0 
4 4 5 2 3 
0 
2 1 5 
1 4 
3 2 3 1 
2 2 3 
3 5 2 1 
1 3 
3 2 3 5 
4 5 1 2 4 
3 3 4 2 
2 2 3 
1 1 
4 1 4 2 5 
2 5 4 
0 
4 4 3 5 2 
0 
4 4 5 2 3 
0 
4 4 2 1 5 
1 3 
3 3 1 5 
3 2 3 4 
1 1 
0 
0 
2 4 3 
4 3 1 2 4 
0 
2 3 2 
2 4 2 
0 
3 1 4 2 
4 3 1 2 4 
1 4 
1 3 
2 1 4 
0 
3 3 5 1 
3 4 5 3 
4 5 4 1 2 
2 2 5 
4 5 4 2 1 
2 2 3 
2 5 2 
4 5 1 4 3 
1 3 
4 3 1 2 4 
1 5 
4 3 4 2 5 
1 3 
1 5 
3 5 4 2 
0 
0 
4 1 5 3 4 
2 4 1 
4 5 4 3 1 
0 
2 5 3 
4 4 3 2 5 
2 4 2 
4 3 2 5 1 
1 4 
2 2 3 
2 5 4 
4 5 2 4 3 
2 4 1 
0 
1 4 
4 5 2 4 1 
2 5 4 
0 
2 1 3 
4 5 2 1 4 
2 3 1 
2 1 2 
2 1 4 
3 1 3 2 
4 4 1 2 3 
1 1 
4 2 4 5 1 
4 4 3 1 5 
1 2 
2 1 5 
0 
2 3 4 
2 1 4 
2 2 5 
4 1 5 2 3 
3 3 1 2 
1 3 
2 1 4 
1 3 
0 
3 1 2 5 
3 5 4 1 
3 1 4 3 
3 5 4 3 
0 
1 2 
4 1 4 5 3 
4 3 2 5 1 
0 
3 4 2 5 
2 2 3 
2 5 1 
0 
2 2 1 
3 4 5 2 
4 5 1 3 4 
0 
0 
3 2 3 1 
1 5 
2 3 4 
2 3 4 
2 5 1 
2 4 3 
3 2 1 4 
0 
3 3 4 1 
4 5 1 2 3 
4 4 3 1 5 
3 1 3 2 
3 1 3 4 
0 
0 
4 5 1 4 3 
2 5 3 
2 1 2 
2 5 3 
2 4 3 
1 4 
4 4 2 1 3 
4 2 3 4 1 
3 3 4 2 
1 3 
1 1 
2 4 2 
4 4 5 3 2 
2 1 5 
3 4 1 5 
1 1 
4 3 4 2 1 
4 4 1 5 2 
0 
0 
4 4 2 1 3 
4 5 3 4 1 
2 1 2 
1 4 
2 2 3 
1 4 
0 
0 
3 2 4 3 
4 2 5 4 1 
3 3 5 4 
4 3 2 4 1 
1 3 
4 2 1 3 5 
4 2 3 4 1 
1 3 
0 
1 3 
0 
3 1 2 5 
2 1 5 
4 3 2 4 5 
4 3 2 5 4 
4 3 1 4 5 
4 3 5 2 1 
1 1 
1 1 
1 2 
1 3 
4 1 5 2 4 
4 4 1 3 2 
1 3 
1 5 
2 5 3 
0 
4 2 4 1 3 
3 4 3 5 
1 4 
3 3 1 4 
3 2 5 3 
4 4 3 2 1 
4 5 2 1 4 
0 
3 1 3 2 
2 5 1 
1 3 
4 2 1 3 4 
1 2 
